10 13 13
20 26 26
30 39 39
39 41 50
40 52 52
50 65 65
56 61 75
57 65 68
60 78 78
70 91 91
72 85 85
76 85 105
78 82 100
78 89 89
80 104 104
90 117 117
92 111 119
100 130 130
110 143 143
112 122 150
114 130 136
117 123 150
120 156 156
130 169 169
140 173 187
140 182 182
144 170 170
144 175 193
148 175 195
150 195 195
152 170 210
156 164 200
156 178 178
160 208 208
165 182 193
168 183 225
168 205 205
170 221 221
171 195 204
180 234 234
184 222 238
190 247 247
195 205 250
200 260 260
210 273 273
213 221 292
215 246 289
216 255 255
217 260 267
220 273 277
220 286 286
224 244 300
228 255 315
228 260 272
230 277 277
230 299 299
231 250 289
234 246 300
234 267 267
240 312 312
247 275 314
250 325 325
259 300 337
260 338 338
261 296 325
267 298 325
270 351 351
272 305 305
273 287 350
276 325 371
276 333 357
280 305 375
280 346 374
280 364 364
285 325 340
288 340 340
288 350 386
289 375 424
290 377 377
291 313 410
296 350 390
300 390 390
304 333 371
304 340 420
304 377 377
306 317 385
310 403 403
312 328 400
312 356 356
320 416 416
329 375 424
330 364 386
330 429 429
336 366 450
336 377 391
336 410 410
342 390 408
351 369 450
357 362 481
360 425 425
368 429 445
377 404 495
390 410 500
390 445 445

answer: 4439835458570
